#### common LHAASO point source resolution is 0.93 deg.
#### GLON ---- GLAT ---- extension
24.8526 -0.2057 0.0
24.9356 0.3736 0.0
25.4835 0.0981 0.0
25.1775852 -0.1157232 0.0
26.795102 -0.1975986 0.0
26.4901 -0.0424 0.0  LHAASO
28.7222 0.2098 0.0 LHAASO
28.8989 0.0762 0.0
29.224 0.1085 0.0
29.7112 -0.2362 0.0
29.4101 0.0899 0.0
31.0001 -0.1602 0.0
32.7442 0.4761 0.0 LHAASO
32.6831 0.5759 0.0
33.1107 -0.132 0.0
34.2288 0.4952 0.0
35.927 -0.0877 0.0
35.959949 -0.0613005 0.0
35.5780642 -0.5801712 0.0
36.2742 -0.0153 0.0
38.4646 -0.1363 0.0
39.8535 -2.6646 0.0
39.6033 -1.9525 0.0
40.4919 -0.8139 0.0 LHAASO
40.3852708 -0.7850714 0.0
42.282 0.4046 0.0
43.2601 -0.1902 0.0
44.3912968 -0.0706370 0.0
45.9974 0.2433 0.0
47.9834 -0.4961 0.0
49.116066 -0.3646692 0.0
52.9227 0.1387 0.0
53.2904 -0.3741 0.0 LHAASO
54.099243 0.25846553 0.0
57.7576 -1.2928 0.0
59.3713 0.9413 0.0
61.1551 -0.8516 0.0
65.3478 0.1827 0.0
65.8535 1.0685 0.0
65.5846 0.1006 0.3 LHAASO
71.3213 1.159 0.0
74.9383 1.1469 0.0
74.923416 0.51433259 0.0
74.9932 0.36 0.0
74.9842 0.4548 0.3 LHAASO
76.045265 0.94075466 0.0
78.328975 2.48741766 0.0
79.718735 1.4720147 0.0
79.8941 0.7896 0.3 LHAASO
80.9534 1.7974 2.3
80.2203 1.0373 0.0
80.2469 1.2 0.0
89.3213 2.7625 0.0 
92.2774 2.8677 0.0 LHAASO
106.34621 2.7116571 0.27
